Station_Id_C Year_Data Mon_Data Day_Data Hour_Data PRS PRS_Sea WIN_D WIN_S TEM RHU PRE_1h
57494 2017 9 1 0 1008.6000 1011.5000 346.0000 0.8000 21.4000 94.0000 0.0000 
57494 2017 9 1 3 1008.6000 1011.5000 3.0000 2.4000 23.6000 85.0000 0.0000 
57494 2017 9 1 6 1007.0000 1009.9000 333.0000 1.8000 25.3000 76.0000 0.0000 
57494 2017 9 1 9 1006.2000 1009.1000 36.0000 1.6000 24.9000 78.0000 0.0000 
57494 2017 9 1 12 1007.1000 1010.0000 14.0000 1.5000 23.6000 88.0000 0.0000 
57494 2017 9 1 15 1007.1000 1010.0000 15.0000 1.5000 23.0000 93.0000 0.0000 
57494 2017 9 1 18 1005.4000 1008.2000 37.0000 1.2000 22.8000 95.0000 0.0000 
57494 2017 9 1 21 1005.3000 1008.2000 14.0000 1.0000 22.7000 96.0000 0.0000 
57494 2017 9 2 0 1006.2000 1009.1000 5.0000 1.6000 22.1000 100.0000 0.4000 
57494 2017 9 2 3 1006.7000 1009.6000 44.0000 1.0000 22.5000 100.0000 0.8000 
57494 2017 9 2 6 1004.9000 1007.8000 32.0000 2.6000 23.9000 94.0000 0.0000 
57494 2017 9 2 9 1004.8000 1007.7000 30.0000 2.6000 23.1000 99.0000 0.4000 
57494 2017 9 2 12 1006.1000 1009.0000 29.0000 2.9000 20.6000 100.0000 0.8000 
57494 2017 9 2 15 1006.8000 1009.7000 38.0000 2.6000 20.2000 99.0000 0.0000 
57494 2017 9 2 18 1006.3000 1009.2000 49.0000 1.2000 20.0000 100.0000 3.2000 
57494 2017 9 2 21 1006.0000 1008.9000 36.0000 1.9000 19.6000 100.0000 0.1000 
57494 2017 9 3 0 1007.3000 1010.2000 342.0000 1.5000 19.8000 100.0000 0.0000 
57494 2017 9 3 3 1008.2000 1011.1000 338.0000 1.2000 20.0000 100.0000 0.0000 
57494 2017 9 3 6 1006.9000 1009.8000 342.0000 2.0000 20.7000 99.0000 0.1000 
57494 2017 9 3 9 1006.9000 1009.8000 351.0000 1.4000 21.0000 99.0000 0.0000 
57494 2017 9 3 12 1008.1000 1011.0000 347.0000 1.5000 20.4000 100.0000 0.2000 
57494 2017 9 3 15 1008.4000 1011.3000 291.0000 1.0000 20.5000 100.0000 0.0000 
57494 2017 9 3 18 1007.8000 1010.7000 331.0000 0.9000 20.2000 100.0000 0.0000 
57494 2017 9 3 21 1007.7000 1010.6000 335.0000 1.1000 20.2000 99.0000 0.0000 
57494 2017 9 4 0 1008.3000 1011.2000 358.0000 0.8000 20.4000 99.0000 0.0000 
57494 2017 9 4 3 1009.1000 1012.0000 338.0000 1.8000 21.9000 91.0000 0.0000 
57494 2017 9 4 6 1007.2000 1010.1000 342.0000 1.6000 24.1000 82.0000 0.0000 
57494 2017 9 4 9 1006.5000 1009.4000 341.0000 1.2000 24.2000 84.0000 0.0000 
57494 2017 9 4 12 1007.4000 1010.3000 294.0000 0.4000 21.9000 98.0000 0.0000 
57494 2017 9 4 15 1008.3000 1011.2000 999017.0000 0.0000 21.0000 100.0000 0.0000 
57494 2017 9 4 18 1007.7000 1010.6000 999017.0000 0.0000 21.0000 100.0000 0.0000 
57494 2017 9 4 21 1007.4000 1010.3000 4.0000 0.8000 20.6000 100.0000 0.0000 
57494 2017 9 5 0 1008.5000 1011.4000 37.0000 2.3000 21.8000 98.0000 0.0000 
57494 2017 9 5 3 1008.4000 1011.3000 57.0000 1.2000 23.9000 88.0000 0.0000 
57494 2017 9 5 6 1006.9000 1009.8000 160.0000 0.3000 25.0000 85.0000 0.0000 
57494 2017 9 5 9 1005.9000 1008.8000 152.0000 1.0000 24.3000 94.0000 0.0000 
57494 2017 9 5 12 1006.9000 1009.8000 999017.0000 0.0000 23.9000 98.0000 0.0000 
57494 2017 9 5 15 1007.7000 1010.6000 354.0000 0.3000 23.7000 99.0000 0.0000 
57494 2017 9 5 18 1006.8000 1009.7000 340.0000 0.7000 23.2000 96.0000 0.0000 
57494 2017 9 5 21 1006.6000 1009.5000 304.0000 0.3000 22.2000 99.0000 0.0000 
57494 2017 9 6 0 1008.0000 1010.9000 349.0000 2.3000 22.8000 96.0000 0.0000 
57494 2017 9 6 3 1008.5000 1011.4000 7.0000 2.8000 24.1000 84.0000 0.0000 
57494 2017 9 6 6 1007.7000 1010.6000 358.0000 3.6000 24.9000 80.0000 0.0000 
57494 2017 9 6 9 1007.2000 1010.1000 14.0000 1.9000 25.2000 80.0000 0.0000 
57494 2017 9 6 12 1007.8000 1010.7000 999017.0000 0.0000 22.5000 97.0000 0.0000 
57494 2017 9 6 15 1008.8000 1011.7000 999017.0000 0.0000 21.9000 98.0000 0.0000 
57494 2017 9 6 18 1008.1000 1011.0000 291.0000 0.7000 21.1000 100.0000 0.0000 
57494 2017 9 6 21 1007.8000 1010.7000 999017.0000 0.0000 20.8000 100.0000 0.0000 
57494 2017 9 7 0 1008.7000 1011.6000 327.0000 0.4000 22.3000 100.0000 0.0000 
57494 2017 9 7 3 1009.1000 1012.0000 331.0000 2.4000 27.4000 70.0000 0.0000 
57494 2017 9 7 6 1007.2000 1010.0000 49.0000 1.9000 30.2000 54.0000 0.0000 
57494 2017 9 7 9 1005.7000 1008.5000 336.0000 1.4000 30.7000 53.0000 0.0000 
57494 2017 9 7 12 1006.4000 1009.3000 228.0000 0.3000 23.6000 90.0000 0.0000 
57494 2017 9 7 15 1007.7000 1010.5000 999017.0000 0.0000 21.9000 99.0000 0.0000 
57494 2017 9 7 18 1007.7000 1010.5000 999017.0000 0.0000 20.9000 100.0000 0.0000 
57494 2017 9 7 21 1007.4000 1010.2000 999017.0000 0.0000 20.5000 100.0000 0.0000 
57494 2017 9 8 0 1008.2000 1011.1000 116.0000 0.7000 24.8000 96.0000 0.0000 
57494 2017 9 8 3 1007.9000 1010.7000 116.0000 2.1000 29.7000 64.0000 0.0000 
57494 2017 9 8 6 1005.7000 1008.5000 260.0000 1.1000 31.4000 58.0000 0.0000 
57494 2017 9 8 9 1004.6000 1007.4000 314.0000 0.3000 31.6000 61.0000 0.0000 
57494 2017 9 8 12 1005.0000 1007.8000 999017.0000 0.0000 25.9000 92.0000 0.0000 
57494 2017 9 8 15 1006.1000 1008.9000 999017.0000 0.0000 24.4000 99.0000 0.0000 
57494 2017 9 8 18 1004.8000 1007.6000 999017.0000 0.0000 23.5000 100.0000 0.0000 
57494 2017 9 8 21 1004.8000 1007.6000 999017.0000 0.0000 23.0000 100.0000 0.0000 
57494 2017 9 9 0 1005.7000 1008.5000 104.0000 1.6000 27.3000 79.0000 0.0000 
57494 2017 9 9 3 1006.0000 1008.8000 178.0000 2.1000 30.6000 67.0000 0.0000 
57494 2017 9 9 6 1003.4000 1006.2000 37.0000 0.9000 33.3000 56.0000 0.0000 
57494 2017 9 9 9 1002.5000 1005.3000 28.0000 2.6000 32.3000 65.0000 0.0000 
57494 2017 9 9 12 1003.3000 1006.1000 121.0000 1.3000 29.0000 83.0000 0.0000 
57494 2017 9 9 15 1004.4000 1007.2000 145.0000 1.9000 28.5000 87.0000 0.0000 
57494 2017 9 9 18 1002.6000 1005.4000 132.0000 2.1000 28.2000 89.0000 0.0000 
57494 2017 9 9 21 1002.5000 1005.3000 143.0000 2.1000 27.5000 93.0000 0.0000 
57494 2017 9 10 0 1004.0000 1006.8000 290.0000 1.6000 27.2000 96.0000 0.0000 
57494 2017 9 10 3 1006.2000 1009.0000 321.0000 2.2000 21.4000 100.0000 4.2000 
57494 2017 9 10 6 1006.4000 1009.2000 329.0000 2.9000 21.8000 93.0000 0.0000 
57494 2017 9 10 9 1006.5000 1009.3000 5.0000 3.6000 22.2000 87.0000 0.0000 
57494 2017 9 10 12 1008.2000 1011.1000 325.0000 1.3000 21.6000 92.0000 0.0000 
57494 2017 9 10 15 1009.0000 1011.9000 289.0000 0.9000 21.7000 95.0000 0.0000 
57494 2017 9 10 18 1008.1000 1011.0000 294.0000 0.8000 21.5000 96.0000 0.0000 
57494 2017 9 10 21 1008.1000 1011.0000 270.0000 1.1000 21.6000 94.0000 0.0000 
57494 2017 9 11 0 1009.3000 1012.2000 336.0000 2.7000 22.6000 89.0000 0.0000 
57494 2017 9 11 3 1010.1000 1013.0000 50.0000 3.2000 26.0000 72.0000 0.0000 
57494 2017 9 11 6 1009.0000 1011.9000 13.0000 2.6000 27.3000 71.0000 0.0000 
57494 2017 9 11 9 1008.7000 1011.5000 34.0000 2.8000 28.2000 64.0000 0.0000 
57494 2017 9 11 12 1010.5000 1013.4000 355.0000 0.7000 23.1000 89.0000 0.0000 
57494 2017 9 11 15 1011.7000 1014.6000 999017.0000 0.1000 20.8000 100.0000 0.0000 
57494 2017 9 11 18 1012.0000 1014.9000 999017.0000 0.0000 20.3000 100.0000 0.0000 
57494 2017 9 11 21 1012.2000 1015.1000 40.0000 1.4000 21.5000 100.0000 0.0000 
57494 2017 9 12 0 1013.4000 1016.3000 52.0000 2.0000 23.4000 91.0000 0.0000 
57494 2017 9 12 3 1013.7000 1016.6000 42.0000 1.3000 28.0000 65.0000 0.0000 
57494 2017 9 12 6 1012.1000 1015.0000 44.0000 3.5000 29.3000 59.0000 0.0000 
57494 2017 9 12 9 1011.5000 1014.4000 27.0000 2.1000 29.5000 54.0000 0.0000 
57494 2017 9 12 12 1012.0000 1014.9000 999017.0000 0.0000 23.0000 94.0000 0.0000 
57494 2017 9 12 15 1013.4000 1016.3000 999017.0000 0.0000 22.9000 96.0000 0.0000 
57494 2017 9 12 18 1012.9000 1015.8000 346.0000 0.5000 21.1000 97.0000 0.0000 
57494 2017 9 12 21 1013.0000 1015.9000 999017.0000 0.0000 20.0000 100.0000 0.0000 
57494 2017 9 13 0 1014.2000 1017.1000 50.0000 1.6000 24.1000 75.0000 0.0000 
57494 2017 9 13 3 1014.6000 1017.5000 160.0000 1.8000 28.6000 51.0000 0.0000 
57494 2017 9 13 6 1012.6000 1015.5000 112.0000 1.0000 29.5000 51.0000 0.0000 
57494 2017 9 13 9 1011.7000 1014.6000 32.0000 3.1000 29.2000 52.0000 0.0000 
57494 2017 9 13 12 1012.2000 1015.1000 999017.0000 0.1000 23.6000 90.0000 0.0000 
57494 2017 9 13 15 1013.1000 1015.9000 31.0000 1.5000 23.7000 84.0000 0.0000 
57494 2017 9 13 18 1013.0000 1015.9000 36.0000 1.1000 22.2000 93.0000 0.0000 
57494 2017 9 13 21 1012.7000 1015.6000 999017.0000 0.0000 20.1000 99.0000 0.0000 
57494 2017 9 14 0 1013.3000 1016.2000 28.0000 2.5000 23.6000 75.0000 0.0000 
57494 2017 9 14 3 1013.4000 1016.3000 10.0000 2.2000 28.5000 52.0000 0.0000 
57494 2017 9 14 6 1011.3000 1014.1000 45.0000 2.3000 30.7000 41.0000 0.0000 
57494 2017 9 14 9 1010.4000 1013.3000 33.0000 2.7000 30.2000 35.0000 0.0000 
57494 2017 9 14 12 1010.8000 1013.7000 999017.0000 0.0000 21.7000 87.0000 0.0000 
57494 2017 9 14 15 1011.9000 1014.8000 44.0000 2.1000 22.7000 71.0000 0.0000 
57494 2017 9 14 18 1011.9000 1014.8000 999017.0000 0.0000 18.8000 95.0000 0.0000 
57494 2017 9 14 21 1011.8000 1014.7000 999017.0000 0.0000 17.7000 100.0000 0.0000 
57494 2017 9 15 0 1012.6000 1015.5000 57.0000 1.2000 22.4000 80.0000 0.0000 
57494 2017 9 15 3 1012.7000 1015.6000 105.0000 0.9000 27.6000 54.0000 0.0000 
57494 2017 9 15 6 1010.7000 1013.6000 31.0000 2.9000 29.1000 48.0000 0.0000 
57494 2017 9 15 9 1009.7000 1012.6000 337.0000 2.4000 29.7000 48.0000 0.0000 
57494 2017 9 15 12 1010.7000 1013.6000 28.0000 3.2000 24.8000 63.0000 0.0000 
57494 2017 9 15 15 1011.7000 1014.6000 19.0000 0.7000 22.6000 77.0000 0.0000 
57494 2017 9 15 18 1010.9000 1013.8000 999017.0000 0.0000 19.6000 95.0000 0.0000 
57494 2017 9 15 21 1011.1000 1014.0000 308.0000 0.4000 18.6000 100.0000 0.0000 
57494 2017 9 16 0 1012.0000 1014.9000 35.0000 1.6000 22.7000 85.0000 0.0000 
57494 2017 9 16 3 1011.8000 1014.7000 45.0000 0.7000 27.6000 64.0000 0.0000 
57494 2017 9 16 6 1009.3000 1012.2000 15.0000 1.0000 29.5000 52.0000 0.0000 
57494 2017 9 16 9 1008.9000 1011.8000 28.0000 2.4000 28.9000 52.0000 0.0000 
57494 2017 9 16 12 1009.5000 1012.4000 999017.0000 0.2000 22.4000 90.0000 0.0000 
57494 2017 9 16 15 1009.7000 1012.6000 999017.0000 0.0000 21.0000 99.0000 0.0000 
57494 2017 9 16 18 1009.1000 1011.9000 293.0000 0.6000 20.5000 100.0000 0.0000 
57494 2017 9 16 21 1009.2000 1012.1000 346.0000 0.6000 19.7000 100.0000 0.0000 
57494 2017 9 17 0 1010.5000 1013.4000 351.0000 0.3000 21.8000 98.0000 0.0000 
57494 2017 9 17 3 1010.6000 1013.5000 80.0000 0.8000 28.2000 58.0000 0.0000 
57494 2017 9 17 6 1008.7000 1011.5000 303.0000 2.6000 30.7000 37.0000 0.0000 
57494 2017 9 17 9 1007.4000 1010.2000 337.0000 1.9000 30.4000 44.0000 0.0000 
57494 2017 9 17 12 1008.4000 1011.3000 274.0000 0.9000 24.1000 87.0000 0.0000 
57494 2017 9 17 15 1008.8000 1011.6000 999017.0000 0.0000 22.4000 98.0000 0.0000 
57494 2017 9 17 18 1008.0000 1010.8000 999017.0000 0.0000 22.4000 99.0000 0.0000 
57494 2017 9 17 21 1007.2000 1010.0000 999017.0000 0.0000 22.3000 99.0000 0.0000 
57494 2017 9 18 0 1008.2000 1011.0000 139.0000 1.4000 25.3000 88.0000 0.0000 
57494 2017 9 18 3 1008.5000 1011.3000 128.0000 1.2000 28.7000 62.0000 0.0000 
57494 2017 9 18 6 1006.3000 1009.1000 304.0000 0.6000 29.9000 55.0000 0.0000 
57494 2017 9 18 9 1006.1000 1009.0000 333.0000 2.8000 25.1000 90.0000 0.1000 
57494 2017 9 18 12 1006.4000 1009.3000 999017.0000 0.0000 22.6000 99.0000 0.1000 
57494 2017 9 18 15 1007.0000 1009.8000 318.0000 0.3000 22.7000 98.0000 0.2000 
57494 2017 9 18 18 1006.3000 1009.1000 25.0000 1.7000 22.9000 99.0000 0.1000 
57494 2017 9 18 21 1006.2000 1009.0000 353.0000 1.1000 23.2000 100.0000 0.7000 
57494 2017 9 19 0 1007.5000 1010.4000 38.0000 1.9000 22.5000 100.0000 1.4000 
57494 2017 9 19 3 1007.7000 1010.6000 42.0000 1.3000 23.0000 100.0000 3.3000 
57494 2017 9 19 6 1006.2000 1009.1000 63.0000 1.0000 23.3000 100.0000 1.9000 
57494 2017 9 19 9 1005.9000 1008.8000 60.0000 0.7000 23.7000 99.0000 0.0000 
57494 2017 9 19 12 1007.6000 1010.5000 63.0000 1.6000 22.8000 99.0000 2.3000 
57494 2017 9 19 15 1008.5000 1011.4000 20.0000 2.4000 22.3000 100.0000 0.1000 
57494 2017 9 19 18 1007.8000 1010.7000 111.0000 0.4000 22.1000 100.0000 0.0000 
57494 2017 9 19 21 1007.5000 1010.4000 353.0000 1.0000 22.2000 100.0000 0.0000 
